11 0
11 1
11 2
11 3
11 4
11 5
11 6
11 7
11 8
11 9
11 10
11 11
11 12
11 13
11 14
11 15
11 16
11 17
11 18
11 19
11 20
11 21
11 22
11 23
11 24
11 25
11 26
11 27
11 28
11 29
11 30
11 31
11 32
11 33
11 34
11 35
11 36
11 37
11 38
11 39
11 40
11 41
11 42
11 43
11 44
11 45
11 46
11 47
11 48
11 49
11 50
11 51
11 52
11 53
11 54
11 55
11 56
11 57
11 58
11 59
11 60
11 61
11 62
11 63
11 64
11 65
11 66
11 67
11 68
11 69
11 70
11 71
11 72
11 73
11 74
11 75
11 76
11 77
11 78
11 79
11 80
11 81
11 82
11 83
11 84
11 85
11 86
11 87
11 88
11 89
11 90
11 91
11 92
11 93
11 94
11 95
11 96
11 97
11 98
11 99
11 100
11 101
11 102
11 103
11 104
11 105
11 106
11 107
11 108
11 109
11 110
11 111
11 112
11 113
11 114
11 115
11 116
11 117
11 118
11 119
11 120
11 121
11 122
11 123
11 124
11 125
11 126
11 127
11 128
11 129
11 130
11 131
11 132
11 133
11 134
11 135
11 136
11 137
11 138
11 139
11 140
11 141
11 142
11 143
11 144
11 145
11 146
11 147
11 148
11 149
11 150
11 151
11 152
11 153
11 154
11 155
11 156
11 157
11 158
11 159
11 160
11 161
11 162
11 163
11 164
11 165
11 166
11 167
11 168
11 169
11 170
11 171
11 172
11 173
11 174
11 175
11 176
11 177
11 178
11 179
11 180
11 181
11 182
11 183
11 184
11 185
11 186
11 187
11 188
11 189
11 190
11 191
11 192
11 193
11 194
11 195
11 196
11 197
11 198
11 199
11 200
11 201
11 202
11 203
11 204
11 205
11 206
11 207
11 208
11 209
11 210
11 211
11 212
11 213
11 214
11 215
11 216
11 217
11 218
11 219
11 220
11 221
11 222
11 223
11 224
11 225
11 226
11 227
11 228
11 229
11 230
11 231
11 232
11 233
11 234
11 235
11 236
11 237
11 238
11 239
11 240
11 241
11 242
11 243
11 244
11 245
11 246
11 247
11 248
11 249
11 250
11 251
11 252
11 253
11 254
11 255
11 256
11 257
11 258
11 259
11 260
11 261
11 262
11 263
11 264
11 265
11 266
11 267
11 268
11 269
11 270
11 271
11 272
11 273
11 274
11 275
11 276
11 277
11 278
11 279
11 280
11 281
11 282
11 283
11 284
11 285
11 286
11 287
11 288
11 289
11 290
11 291
11 292
11 293
11 294
11 295
11 296
11 297
11 298
11 299
11 300
11 301
11 302
11 303
11 304
11 305
11 306
11 307
11 308
11 309
11 310
11 311
11 312
11 313
11 314
11 315
11 316
11 317
11 318
11 319
11 320
11 321
11 322
11 323
11 324
11 325
11 326
11 327
11 328
11 329
11 330
11 331
11 332
11 333
11 334
11 335
11 336
11 337
11 338
11 339
11 340
11 341
11 342
11 343
11 344
11 345
11 346
11 347
11 348
11 349
11 350
11 351
11 352
11 353
11 354
11 355
11 356
11 357
11 358
11 359
11 360
11 361
11 362
11 363
11 364
11 365
11 366
11 367
11 368
11 369
11 370
11 371
11 372
11 373
11 374
11 375
11 376
11 377
11 378
11 379
11 380
11 381
11 382
11 383
11 384
11 385
11 386
11 387
11 388
11 389
11 390
11 391
11 392
11 393
11 394
11 395
11 396
11 397
11 398
11 399
11 400
11 401
11 402
11 403
11 404
11 405
11 406
11 407
11 408
11 409
11 410
11 411
11 412
11 413
11 414
11 415
11 416
11 417
11 418
11 419
11 420
11 421
11 422
11 423
11 424
11 425
11 426
11 427
11 428
11 429
11 430
11 431
11 432
11 433
11 434
11 435
11 436
11 437
11 438
11 439
11 440
11 441
11 442
11 443
11 444
11 445
11 446
11 447
11 448
11 449
11 450
11 451
11 452
11 453
11 454
11 455
11 456
11 457
11 458
11 459
11 460
11 461
11 462
11 463
11 464
11 465
11 466
11 467
11 468
11 469
11 470
11 471
11 472
11 473
11 474
11 475
11 476
11 477
11 478
11 479
11 480
11 481
11 482
11 483
11 484
11 485
11 486
11 487
11 488
11 489
11 490
11 491
11 492
11 493
11 494
11 495
11 496
11 497
11 498
11 499
11 500
11 501
11 502
11 503
11 504
11 505
11 506
11 507
11 508
11 509
11 510
11 511
11 512
11 513
11 514
11 515
11 516
11 517
11 518
11 519
11 520
11 521
11 522
11 523
11 524
11 525
11 526
11 527
11 528
11 529
11 530
11 531
11 532
11 533
11 534
11 535
11 536
11 537
11 538
11 539
11 540
11 541
11 542
11 543
11 544
11 545
11 546
11 547
11 548
11 549
11 550
11 551
11 552
11 553
11 554
11 555
11 556
11 557
11 558
11 559
11 560
11 561
11 562
11 563
11 564
11 565
11 566
11 567
11 568
11 569
11 570
11 571
11 572
11 573
11 574
11 575
11 576
11 577
11 578
11 579
11 580
11 581
11 582
11 583
11 584
11 585
11 586
11 587
11 588
11 589
11 590
11 591
11 592
11 593
11 594
11 595
11 596
11 597
11 598
11 599
11 600
11 601
11 602
11 603
11 604
11 605
11 606
11 607
11 608
11 609
11 610
11 611
11 612
11 613
11 614
11 615
11 616
11 617
11 618
11 619
11 620
11 621
11 622
11 623
11 624
11 625
11 626
11 627
11 628
11 629
11 630
11 631
11 632
11 633
11 634
11 635
11 636
11 637
11 638
11 639
11 640
11 641
11 642
11 643
11 644
11 645
11 646
11 647
11 648
11 649
11 650
11 651
11 652
11 653
11 654
11 655
11 656
11 657
11 658
11 659
11 660
11 661
11 662
11 663
11 664
11 665
11 666
11 667
11 668
11 669
11 670
11 671
11 672
11 673
11 674
11 675
11 676
11 677
11 678
11 679
11 680
11 681
11 682
11 683
11 684
11 685
11 686
11 687
11 688
11 689
11 690
11 691
11 692
11 693
11 694
11 695
11 696
11 697
11 698
11 699
11 700
11 701
11 702
11 703
11 704
11 705
11 706
11 707
11 708
11 709
11 710
11 711
11 712
11 713
11 714
11 715
11 716
11 717
11 718
11 719
11 720
11 721
11 722
11 723
11 724
11 725
11 726
11 727
11 728
11 729
11 730
11 731
11 732
11 733
11 734
11 735
11 736
11 737
11 738
11 739
11 740
11 741
11 742
11 743
11 744
11 745
11 746
11 747
11 748
11 749
11 750
11 751
11 752
11 753
11 754
11 755
11 756
11 757
11 758
11 759
11 760
11 761
11 762
11 763
11 764
11 765
11 766
11 767
11 768
11 769
11 770
11 771
11 772
11 773
11 774
11 775
11 776
11 777
11 778
11 779
11 780
11 781
11 782
11 783
11 784
11 785
11 786
11 787
11 788
11 789
11 790
11 791
11 792
11 793
11 794
11 795
11 796
11 797
11 798
11 799
11 800
11 801
11 802
11 803
11 804
11 805
11 806
11 807
11 808
11 809
11 810
11 811
11 812
11 813
11 814
11 815
11 816
11 817
11 818
11 819
11 820
11 821
11 822
11 823
11 824
11 825
11 826
11 827
11 828
11 829
11 830
11 831
11 832
11 833
11 834
11 835
11 836
11 837
11 838
11 839
11 840
11 841
11 842
11 843
11 844
11 845
11 846
11 847
11 848
11 849
11 850
11 851
11 852
11 853
11 854
11 855
11 856
11 857
11 858
11 859
11 860
11 861
11 862
11 863
11 864
11 865
11 866
11 867
11 868
11 869
11 870
11 871
11 872
11 873
11 874
11 875
11 876
11 877
11 878
11 879
11 880
11 881
11 882
11 883
11 884
11 885
11 886
11 887
11 888
11 889
11 890
11 891
11 892
11 893
11 894
11 895
11 896
11 897
11 898
11 899
11 900
11 901
11 902
11 903
11 904
11 905
11 906
11 907
11 908
11 909
11 910
11 911
11 912
11 913
11 914
11 915
11 916
11 917
11 918
11 919
11 920
11 921
11 922
11 923
11 924
11 925
11 926
11 927
11 928
11 929
11 930
11 931
11 932
11 933
11 934
11 935
11 936
11 937
11 938
11 939
11 940
11 941
11 942
11 943
11 944
11 945
11 946
11 947
11 948
11 949
11 950
11 951
11 952
11 953
11 954
11 955
11 956
11 957
11 958
11 959
11 960
11 961
11 962
11 963
11 964
11 965
11 966
11 967
11 968
11 969
11 970
11 971
11 972
11 973
11 974
11 975
11 976
11 977
11 978
11 979
11 980
11 981
11 982
11 983
11 984
11 985
11 986
11 987
11 988
11 989
11 990
11 991
11 992
11 993
11 994
11 995
11 996
11 997
11 998
11 999
12 0
12 1
12 2
12 3
12 4
12 5
12 6
12 7
12 8
12 9
12 10
12 11
12 12
12 13
12 14
12 15
12 16
12 17
12 18
12 19
12 20
12 21
12 22
12 23
12 24
12 25
12 26
12 27
12 28
12 29
12 30
12 31
12 32
12 33
12 34
12 35
12 36
12 37
12 38
12 39
12 40
12 41
12 42
12 43
12 44
12 45
12 46
12 47
12 48
12 49
12 50
12 51
12 52
12 53
12 54
12 55
12 56
12 57
12 58
12 59
12 60
12 61
12 62
12 63
12 64
12 65
12 66
12 67
12 68
12 69
12 70
12 71
12 72
12 73
12 74
12 75
12 76
12 77
12 78
12 79
12 80
12 81
12 82
12 83
12 84
12 85
12 86
12 87
12 88
12 89
12 90
12 91
12 92
12 93
12 94
12 95
12 96
12 97
12 98
12 99
12 100
12 101
12 102
12 103
12 104
12 105
12 106
12 107
12 108
12 109
12 110
12 111
12 112
12 113
12 114
12 115
12 116
12 117
12 118
12 119
12 120
12 121
12 122
12 123
12 124
12 125
12 126
12 127
12 128
12 129
12 130
12 131
12 132
12 133
12 134
12 135
12 136
12 137
12 138
12 139
12 140
12 141
12 142
12 143
12 144
12 145
12 146
12 147
12 148
12 149
12 150
12 151
12 152
12 153
12 154
12 155
12 156
12 157
12 158
12 159
12 160
12 161
12 162
12 163
12 164
12 165
12 166
12 167
12 168
12 169
12 170
12 171
12 172
12 173
12 174
12 175
12 176
12 177
12 178
12 179
12 180
12 181
12 182
12 183
12 184
12 185
12 186
12 187
12 188
12 189
12 190
12 191
12 192
12 193
12 194
12 195
12 196
12 197
12 198
12 199
12 200
12 201
12 202
12 203
12 204
12 205
12 206
12 207
12 208
12 209
12 210
12 211
12 212
12 213
12 214
12 215
12 216
12 217
12 218
12 219
12 220
12 221
12 222
12 223
12 224
12 225
12 226
12 227
12 228
12 229
12 230
12 231
12 232
12 233
12 234
12 235
12 236
12 237
12 238
12 239
12 240
12 241
12 242
12 243
12 244
12 245
12 246
12 247
12 248
12 249
12 250
12 251
12 252
12 253
12 254
12 255
12 256
12 257
12 258
12 259
12 260
12 261
12 262
12 263
12 264
12 265
12 266
12 267
12 268
12 269
12 270
12 271
12 272
12 273
12 274
12 275
12 276
12 277
12 278
12 279
12 280
12 281
12 282
12 283
12 284
12 285
12 286
12 287
12 288
12 289
12 290
12 291
12 292
12 293
12 294
12 295
12 296
12 297
12 298
12 299
12 300
12 301
12 302
12 303
12 304
12 305
12 306
12 307
12 308
12 309
12 310
12 311
12 312
12 313
12 314
12 315
12 316
12 317
12 318
12 319
12 320
12 321
12 322
12 323
12 324
12 325
12 326
12 327
12 328
12 329
12 330
12 331
12 332
12 333
12 334
12 335
12 336
12 337
12 338
12 339
12 340
12 341
12 342
12 343
12 344
12 345
12 346
12 347
12 348
12 349
12 350
12 351
12 352
12 353
12 354
12 355
12 356
12 357
12 358
12 359
12 360
12 361
12 362
12 363
12 364
12 365
12 366
12 367
12 368
12 369
12 370
12 371
12 372
12 373
12 374
12 375
12 376
12 377
12 378
12 379
12 380
12 381
12 382
12 383
12 384
12 385
12 386
12 387
12 388
12 389
12 390
12 391
12 392
12 393
12 394
12 395
12 396
12 397
12 398
12 399
12 400
12 401
12 402
12 403
12 404
12 405
12 406
12 407
12 408
12 409
12 410
12 411
12 412
12 413
12 414
12 415
12 416
12 417
12 418
12 419
12 420
12 421
12 422
12 423
12 424
12 425
12 426
12 427
12 428
12 429
12 430
12 431
12 432
12 433
12 434
12 435
12 436
12 437
12 438
12 439
12 440
12 441
12 442
12 443
12 444
12 445
12 446
12 447
12 448
12 449
12 450
12 451
12 452
12 453
12 454
12 455
12 456
12 457
12 458
12 459
12 460
12 461
12 462
12 463
12 464
12 465
12 466
12 467
12 468
12 469
12 470
12 471
12 472
12 473
12 474
12 475
12 476
12 477
12 478
12 479
12 480
12 481
12 482
12 483
12 484
12 485
12 486
12 487
12 488
12 489
12 490
12 491
12 492
12 493
12 494
12 495
12 496
12 497
12 498
12 499
12 500
12 501
12 502
12 503
12 504
12 505
12 506
12 507
12 508
12 509
12 510
12 511
12 512
12 513
12 514
12 515
12 516
12 517
12 518
12 519
12 520
12 521
12 522
12 523
12 524
12 525
12 526
12 527
12 528
12 529
12 530
12 531
12 532
12 533
12 534
12 535
12 536
12 537
12 538
12 539
12 540
12 541
12 542
12 543
12 544
12 545
12 546
12 547
12 548
12 549
12 550
12 551
12 552
12 553
12 554
12 555
12 556
12 557
12 558
12 559
12 560
12 561
12 562
12 563
12 564
12 565
12 566
12 567
12 568
12 569
12 570
12 571
12 572
12 573
12 574
12 575
12 576
12 577
12 578
12 579
12 580
12 581
12 582
12 583
12 584
12 585
12 586
12 587
12 588
12 589
12 590
12 591
12 592
12 593
12 594
12 595
12 596
12 597
12 598
12 599
12 600
12 601
12 602
12 603
12 604
12 605
12 606
12 607
12 608
12 609
12 610
12 611
12 612
12 613
12 614
12 615
12 616
12 617
12 618
12 619
12 620
12 621
12 622
12 623
12 624
12 625
12 626
12 627
12 628
12 629
12 630
12 631
12 632
12 633
12 634
12 635
12 636
12 637
12 638
12 639
12 640
12 641
12 642
12 643
12 644
12 645
12 646
12 647
12 648
12 649
12 650
12 651
12 652
12 653
12 654
12 655
12 656
12 657
12 658
12 659
12 660
12 661
12 662
12 663
12 664
12 665
12 666
12 667
12 668
12 669
12 670
12 671
12 672
12 673
12 674
12 675
12 676
12 677
12 678
12 679
12 680
12 681
12 682
12 683
12 684
12 685
12 686
12 687
12 688
12 689
12 690
12 691
12 692
12 693
12 694
12 695
12 696
12 697
12 698
12 699
12 700
12 701
12 702
12 703
12 704
12 705
12 706
12 707
12 708
12 709
12 710
12 711
12 712
12 713
12 714
12 715
12 716
12 717
12 718
12 719
12 720
12 721
12 722
12 723
12 724
12 725
12 726
12 727
12 728
12 729
12 730
12 731
12 732
12 733
12 734
12 735
12 736
12 737
12 738
12 739
12 740
12 741
12 742
12 743
12 744
12 745
12 746
12 747
12 748
12 749
12 750
12 751
12 752
12 753
12 754
12 755
12 756
12 757
12 758
12 759
12 760
12 761
12 762
12 763
12 764
12 765
12 766
12 767
12 768
12 769
12 770
12 771
12 772
12 773
12 774
12 775
12 776
12 777
12 778
12 779
12 780
12 781
12 782
12 783
12 784
12 785
12 786
12 787
12 788
12 789
12 790
12 791
12 792
12 793
12 794
12 795
12 796
12 797
12 798
12 799
12 800
12 801
12 802
12 803
12 804
12 805
12 806
12 807
12 808
12 809
12 810
12 811
12 812
12 813
12 814
12 815
12 816
12 817
12 818
12 819
12 820
12 821
12 822
12 823
12 824
12 825
12 826
12 827
12 828
12 829
12 830
12 831
12 832
12 833
12 834
12 835
12 836
12 837
12 838
12 839
12 840
12 841
12 842
12 843
12 844
12 845
12 846
12 847
12 848
12 849
12 850
12 851
12 852
12 853
12 854
12 855
12 856
12 857
12 858
12 859
12 860
12 861
12 862
12 863
12 864
12 865
12 866
12 867
12 868
12 869
12 870
12 871
12 872
12 873
12 874
12 875
12 876
12 877
12 878
12 879
12 880
12 881
12 882
12 883
12 884
12 885
12 886
12 887
12 888
12 889
12 890
12 891
12 892
12 893
12 894
12 895
12 896
12 897
12 898
12 899
12 900
12 901
12 902
12 903
12 904
12 905
12 906
12 907
12 908
12 909
12 910
12 911
12 912
12 913
12 914
12 915
12 916
12 917
12 918
12 919
12 920
12 921
12 922
12 923
12 924
12 925
12 926
12 927
12 928
12 929
12 930
12 931
12 932
12 933
12 934
12 935
12 936
12 937
12 938
12 939
12 940
12 941
12 942
12 943
12 944
12 945
12 946
12 947
12 948
12 949
12 950
12 951
12 952
12 953
12 954
12 955
12 956
12 957
12 958
12 959
12 960
12 961
12 962
12 963
12 964
12 965
12 966
12 967
12 968
12 969
12 970
12 971
12 972
12 973
12 974
12 975
12 976
12 977
12 978
12 979
12 980
12 981
12 982
12 983
12 984
12 985
12 986
12 987
12 988
12 989
12 990
12 991
12 992
12 993
12 994
12 995
12 996
12 997
12 998
12 999
12 1000
12 1001
12 1002
12 1003
12 1004
12 1005
12 1006
12 1007
12 1008
12 1009
12 1010
12 1011
12 1012
12 1013
12 1014
12 1015
12 1016
12 1017
12 1018
12 1019
12 1020
12 1021
12 1022
12 1023
12 1024
12 1025
12 1026
12 1027
12 1028
12 1029
12 1030
12 1031
12 1032
12 1033
12 1034
12 1035
12 1036
12 1037
12 1038
12 1039
12 1040
12 1041
12 1042
12 1043
12 1044
12 1045
12 1046
12 1047
12 1048
12 1049
12 1050
12 1051
12 1052
12 1053
12 1054
12 1055
12 1056
12 1057
12 1058
12 1059
12 1060
12 1061
12 1062
12 1063
12 1064
12 1065
12 1066
12 1067
12 1068
12 1069
12 1070
12 1071
12 1072
12 1073
12 1074
12 1075
12 1076
12 1077
12 1078
12 1079
12 1080
12 1081
12 1082
12 1083
12 1084
12 1085
12 1086
12 1087
12 1088
12 1089
12 1090
12 1091
12 1092
12 1093
12 1094
12 1095
12 1096
12 1097
12 1098
12 1099
12 1100
12 1101
12 1102
12 1103
12 1104
12 1105
12 1106
12 1107
12 1108
12 1109
12 1110
12 1111
12 1112
12 1113
12 1114
12 1115
12 1116
12 1117
12 1118
12 1119
12 1120
12 1121
12 1122
12 1123
12 1124
12 1125
12 1126
12 1127
12 1128
12 1129
12 1130
12 1131
12 1132
12 1133
12 1134
12 1135
12 1136
12 1137
12 1138
12 1139
12 1140
12 1141
12 1142
12 1143
12 1144
12 1145
12 1146
12 1147
12 1148
12 1149
12 1150
12 1151
12 1152
12 1153
12 1154
12 1155
12 1156
12 1157
12 1158
12 1159
12 1160
12 1161
12 1162
12 1163
12 1164
12 1165
12 1166
12 1167
12 1168
12 1169
12 1170
12 1171
12 1172
12 1173
12 1174
12 1175
12 1176
12 1177
12 1178
12 1179
12 1180
12 1181
12 1182
12 1183
12 1184
12 1185
12 1186
12 1187
12 1188
12 1189
12 1190
12 1191
12 1192
12 1193
12 1194
12 1195
12 1196
12 1197
12 1198
12 1199
-1